%YAML:1.0
cam_RGB: !!opencv-matrix
   rows: 3
   cols: 3
   dt: d
   data: [ 8.7758676096694592e+02, 0., 1.0409221274775734e+03, 0.,
       8.7039014094451329e+02, 1.0103689088770077e+03, 0., 0., 1. ]
distCoeff_RGB: !!opencv-matrix
   rows: 1
   cols: 5
   dt: d
   data: [ -2.4228327042995515e-01, 9.3858435805463561e-02,
       1.8885464178711406e-04, -9.2101984511709019e-05,
       -2.0161661018658499e-02 ]
resizeFac_RGB: 3.6982800082170059e-01
cropRect_RGB: [ 60, 124, 636, 508 ]